100 0.148674 5.025003
200 0.211040 4.574445
300 0.194347 4.565182
400 0.202568 4.405126
500 0.325727 4.608459
600 0.314855 4.555956
700 0.260267 4.556276
800 0.079856 4.761389
900 0.060150 4.589053
1000 0.065670 4.643742
1100 0.083078 4.851663
1200 0.114895 4.564975
1300 0.289895 4.738776
1400 0.171911 4.907575
1500 0.134901 5.274155
1600 0.103659 4.835358
1700 0.213713 5.019513
1800 0.183904 5.369896
1900 0.166696 4.986516
2000 0.190148 4.810808
2100 0.093303 4.617102
2200 0.080188 4.888353
2300 0.000729 4.567273
2400 -0.039662 4.963074
2500 0.035420 5.351317
2600 0.029147 5.359374
2700 0.050321 5.139874
2800 0.041182 5.246356
2900 0.060192 4.943095
3000 0.106625 5.305448
3100 0.079786 5.163942
3200 0.102356 5.224873
3300 0.145231 5.151140
3400 0.176563 5.278951
3500 0.145891 5.313796
3600 0.090428 5.245827
3700 0.151139 5.259555
3800 0.131700 5.073903
3900 0.097518 5.105871
4000 0.117040 4.978536
4100 0.159026 4.747863
4200 0.265341 5.082712
4300 0.169072 4.613437
4400 0.227106 4.481446
4500 0.058191 4.496940
4600 0.167821 4.667330
4700 0.124715 4.442503
4800 0.151614 3.926660
4900 0.245451 4.070827
5000 0.261492 4.300117
5100 0.232222 4.565965
5200 0.189189 4.753172
5300 0.207923 4.614382
5400 0.244602 4.618060
5500 0.168464 4.753213
5600 0.187429 4.796074
5700 0.077915 5.122547
5800 0.123526 4.856269
5900 0.331094 4.555156
6000 0.293384 4.696604
6100 0.258701 4.886767
6200 0.235566 4.789806
6300 0.222801 4.736016
6400 0.044896 5.217567
6500 0.156618 5.012710
6600 0.155158 4.831210
6700 0.055397 5.007478
6800 0.132335 4.652035
6900 0.129475 4.526299
7000 0.233144 4.556903
7100 0.145050 4.524769
7200 0.062543 4.640745
7300 0.135886 4.591763
7400 0.007608 4.394248
7500 0.014240 4.824650
7600 0.120101 4.652201
7700 0.142524 4.755797
7800 0.120253 4.898594
7900 0.109374 4.868731
8000 0.189253 4.780326
8100 0.226390 4.595779
8200 0.195096 4.737621
8300 0.070813 4.579252
8400 0.006680 4.620211
8500 0.080892 4.605419
8600 0.115856 4.477380
8700 0.099602 4.548767
8800 0.153894 4.535932
8900 0.177184 3.317027
9000 0.055780 3.566795
9100 0.082463 3.053673
9200 0.016076 2.837065
9300 -0.045926 2.424247
9400 -0.036141 1.870760
9500 -0.046688 1.915680
9600 -0.047329 1.676033
9700 -0.060322 1.244910
9800 -0.047341 1.437064
9900 -0.063902 1.458262
10000 -0.046260 1.154784
10100 -0.065258 1.325284
10200 -0.068428 1.176221
10300 0.019540 0.951757
10400 0.000344 0.989450
10500 -0.001817 1.204072
10600 -0.026727 1.249316
10700 -0.015507 0.880573
10800 0.056915 1.057508
10900 0.059028 1.109506
11000 0.017531 1.089681
11100 0.036386 0.949101
11200 0.019144 1.250493
11300 0.033032 1.223997
11400 0.104383 1.069562
11500 0.085884 1.055809
11600 0.049079 0.807406
11700 0.012689 1.005458
11800 0.082377 0.861675
11900 0.106102 0.876838
12000 0.043154 1.043210
12100 0.108934 1.119989
12200 0.164725 0.826776
12300 -0.002582 1.098754
12400 0.028908 1.180364
12500 0.082820 1.083897
12600 0.143767 1.144623
12700 0.137568 1.134526
12800 0.021166 0.966074
12900 0.124392 0.973670
13000 0.109767 0.978759
13100 0.004443 0.838272
13200 0.018600 0.998501
13300 0.143925 1.021759
13400 0.102503 0.973315
13500 0.234532 1.072817
13600 0.103484 0.962331
13700 0.091185 1.146889
13800 0.174085 0.914682
13900 0.171486 1.079505
14000 0.196271 1.051603
14100 0.241650 0.996145
14200 0.121940 0.933563
14300 0.182166 0.711312
14400 0.273998 1.013364
14500 0.155780 1.104667
14600 0.134547 1.095407
14700 0.108314 0.925538
14800 0.054561 0.876649
14900 0.087182 0.668074
15000 0.155915 0.765345
15100 0.234482 0.773114
15200 0.188778 0.773095
15300 0.123809 0.880387
15400 0.196261 0.900573
15500 0.291680 1.008262
15600 0.273018 0.997093
15700 0.170897 1.284057
15800 0.157026 1.055849
15900 0.202239 1.240038
16000 0.240388 1.367861
16100 0.169684 1.205266
16200 0.240421 1.026370
16300 0.203130 1.060174
16400 0.197729 1.448714
16500 0.243817 1.294694
16600 0.253171 1.456112
16700 0.163036 1.224900
16800 0.280442 0.967172
16900 0.189382 1.231100
17000 0.152281 1.076555
17100 0.109135 1.054348
17200 0.184093 0.950726
17300 0.171114 1.118211
17400 0.061158 1.251712
17500 0.190937 1.093084
17600 0.134195 1.271878
17700 0.089985 0.994486
17800 0.095086 1.188036
17900 0.088840 1.375800
18000 0.110409 1.094927
18100 0.163651 0.967524
18200 0.043459 1.267345
18300 0.064665 1.031240
18400 0.028936 1.052033
18500 0.064795 1.239245
18600 0.037901 1.116933
18700 0.080223 1.185311
18800 0.100756 1.033187
18900 0.065571 0.942787
19000 0.101272 1.117191
19100 0.060961 1.099634
19200 0.068398 1.115158
19300 0.149877 0.855417
19400 0.096022 1.000604
19500 0.167124 1.012356
19600 0.107584 1.018684
19700 0.124571 0.987090
19800 0.064523 0.898249
19900 0.136548 0.960345
20000 0.077808 0.994274
20100 0.158817 1.085652
20200 0.258745 1.333575
20300 0.076396 1.236134
20400 0.035989 1.192671
20500 0.102108 1.289658
20600 0.091753 1.401786
20700 0.117844 1.557696
20800 0.091570 1.539529
20900 0.105997 1.602483
21000 0.111581 1.020503
21100 0.062814 0.972838
21200 0.101294 1.216163
21300 0.034902 1.614574
21400 0.025168 1.093253
21500 0.025119 0.998831
21600 0.008001 0.973480
21700 0.084795 0.797798
21800 0.044574 0.828717
21900 0.048232 0.845074
22000 0.053081 0.819480
22100 0.133325 0.644692
22200 0.108961 0.646978
22300 0.084665 0.787890
22400 0.089558 0.862142
22500 0.022823 0.848244
22600 -0.051543 0.762339
22700 -0.003221 0.703624
22800 0.011868 0.739378
22900 0.065409 0.719877
23000 -0.031605 0.742483
23100 0.015082 0.461274
23200 0.047786 0.479443
23300 0.047437 0.530324
23400 0.054013 0.735411
23500 0.000015 0.761700
23600 0.039552 0.384365
23700 0.015058 0.374633
23800 -0.009085 0.288689
23900 -0.029067 0.213884
24000 0.006483 0.223278
24100 0.158821 0.203935
24200 0.139766 0.097975
24300 0.182658 0.064224
24400 0.150382 0.191646
24500 0.110124 0.356323
24600 0.225509 0.101049
24700 0.061286 0.205085
24800 0.186887 0.128360
24900 0.165764 0.122650
25000 0.330408 0.060892
25100 0.374333 0.214779
25200 0.280286 0.185764
25300 0.324707 0.156496
25400 0.285681 0.073281
25500 0.226655 0.127836
25600 0.279849 0.112154
25700 0.340197 0.163040
25800 0.374415 0.161414
25900 0.335319 0.109925
26000 0.263392 0.046932
26100 0.146150 0.181136
26200 0.199347 0.026505
26300 0.290397 0.123883
26400 0.250754 0.142616
26500 0.279715 -0.014196
26600 0.469061 -0.014351
26700 0.389836 0.050472
26800 0.254545 0.108820
26900 0.280521 0.071808
27000 0.404454 0.152669
27100 0.360755 0.155114
27200 0.301410 0.236393
27300 0.368536 0.045908
27400 0.438851 0.044107
27500 0.169561 0.142733
27600 0.302244 0.070112
27700 0.328333 0.056236
27800 0.247117 0.052143
27900 0.387477 0.056923
28000 0.219963 0.074825
28100 0.486542 0.008298
28200 0.341627 0.115548
28300 0.344863 0.160032
28400 0.223674 0.121955
28500 0.135676 0.128083
28600 0.247868 0.199333
28700 0.137359 0.164741
28800 0.106796 0.126749
28900 0.038373 0.168377
29000 0.045265 0.250857
29100 0.228485 0.238967
29200 0.119958 0.344083
29300 0.110465 0.371389
29400 0.175963 0.132840
29500 0.347486 0.317617
29600 0.101614 0.187698
29700 0.215078 0.135424
29800 0.207594 0.303685
29900 0.236802 0.279419
30000 0.208580 0.340234
30100 0.197039 0.372574
30200 0.206797 0.456827
30300 0.206470 0.195766
30400 0.362119 0.222121
30500 0.073415 0.397628
30600 0.119898 0.456190
30700 0.098101 0.375095
30800 0.112328 0.461847
30900 0.133061 0.437589
31000 0.185911 0.669036
31100 0.097434 0.512579
31200 0.043639 0.763582
31300 0.045804 0.629593
31400 0.113465 0.606023
31500 0.096418 0.761355
31600 0.198681 0.633938
31700 0.132263 0.660004
31800 0.175866 0.463752
31900 0.180289 0.615874
32000 0.235851 0.746944
32100 0.192189 0.619533
32200 0.102025 0.716316
32300 0.089629 0.646695
32400 0.108047 0.656794
32500 0.142684 0.682633
32600 0.234794 0.821372
32700 0.331574 0.819741
32800 0.354681 0.933295
32900 0.289598 0.857052
33000 0.201924 0.854113
33100 0.080138 0.645074
33200 0.174141 0.614834
33300 0.146102 0.547182
33400 0.174486 0.382724
33500 0.160702 0.266539
33600 0.075216 0.321614
33700 0.096369 0.454699
33800 0.175166 0.517965
33900 0.159269 0.410900
34000 0.118722 0.372896
34100 0.217850 0.516361
34200 0.115318 0.309889
34300 0.098663 0.553943
34400 0.042392 0.601865
34500 0.172399 0.463089
34600 0.150668 0.552959
34700 0.126979 0.513469
34800 0.229225 0.370040
34900 0.160288 0.243625
35000 0.154364 0.245927
35100 0.139535 0.128616
35200 0.114178 0.333470
35300 0.246628 0.289906
35400 0.158035 0.217427
35500 0.168228 0.357905
35600 0.158764 0.234306
35700 0.212675 0.263592
35800 0.164593 0.313686
35900 0.162702 0.222378
36000 0.199319 0.319724
36100 0.185082 0.364879
36200 0.236079 0.463450
36300 0.050710 0.589736
36400 0.119899 0.492989
36500 0.125337 0.518543
36600 0.170859 0.678110
36700 0.140765 0.593555
36800 0.099356 0.509440
36900 0.120543 0.497189
37000 0.127282 0.363191
37100 0.112435 0.332481
37200 0.211977 0.664996
37300 0.150543 0.502915
37400 0.144952 0.611111
37500 0.173287 0.602146
37600 0.105113 0.454257
37700 0.108906 0.593101
37800 0.315653 0.686940
37900 0.173299 0.649151
38000 0.056878 0.672801
38100 0.164948 0.778606
38200 0.045480 0.765060
38300 0.182442 0.588047
38400 0.161649 0.719341
38500 0.284604 0.622201
38600 0.136543 0.696668
38700 0.178242 0.850651
38800 0.116383 0.593886
38900 0.256339 0.583431
39000 0.257477 0.499972
39100 0.295200 0.651196
39200 0.134511 0.557132
39300 0.128519 0.550243
39400 0.256565 0.657470
39500 0.252084 0.476465
39600 0.304840 0.585832
39700 0.231831 0.534853
39800 0.269564 0.390709
39900 0.289113 0.386454
40000 0.202440 0.406897
40100 0.430591 0.485888
40200 0.275600 0.561974
40300 0.223483 0.489696
40400 0.296449 0.448510
40500 0.157501 0.425156
40600 0.277383 0.390856
40700 0.213138 0.336890
40800 0.226800 0.331752
40900 0.321639 0.475978
41000 0.334198 0.264114
41100 0.247278 0.478524
41200 0.182021 0.526645
41300 0.283880 0.315286
41400 0.333952 0.511008
41500 0.391154 0.643632
41600 0.316965 0.604764
41700 0.207894 0.739799
41800 0.266445 0.732818
41900 0.211435 0.730947
42000 0.200516 0.594095
42100 0.188457 0.707694
42200 0.187424 0.801653
42300 0.118412 0.910390
42400 0.205479 0.850536
42500 0.033695 0.822642
42600 -0.078531 0.661609
42700 -0.001366 0.657589
42800 0.151758 0.544558
42900 0.222015 0.571431
43000 0.155215 0.662586
43100 0.119592 0.688387
43200 0.175565 0.576065
43300 0.182958 0.576595
43400 0.259321 0.530793
43500 0.193311 0.564278
43600 0.229628 0.601721
43700 0.278851 0.593120
43800 0.204691 0.525290
43900 0.259117 0.484473
44000 0.285791 0.485700
44100 0.231869 0.622983
44200 0.206297 0.611179
44300 0.156695 0.637187
44400 0.215858 0.803912
44500 0.164581 0.558492
44600 0.189845 0.744003
44700 0.217241 0.712001
44800 0.263307 0.871000
44900 0.406969 0.892981
45000 0.355814 0.771417
45100 0.213573 0.701594
45200 0.155698 0.747584
45300 0.166171 0.676071
45400 0.092371 0.976074
45500 0.062028 0.756747
45600 0.048277 0.698082
45700 0.129756 0.653403
45800 0.111309 0.395740
45900 0.052501 0.508912
46000 0.021872 0.437717
46100 0.083839 0.518702
46200 0.092024 0.352006
46300 0.141054 0.504618
46400 0.271678 0.268411
46500 0.183925 0.286916
46600 0.158947 0.203169
46700 0.357263 0.171055
46800 0.470881 0.118465
46900 0.469702 0.044471
47000 0.505437 0.015350
47100 0.598771 0.085120
47200 0.457797 0.147976
47300 0.488051 0.092902
47400 0.738123 0.159369
47500 0.576062 0.167129
47600 0.524699 0.070304
47700 0.585289 0.007119
47800 0.538200 0.137372
47900 0.474837 0.119888
48000 0.709365 0.045613
48100 0.724038 0.190024
48200 0.768045 -0.021254
48300 0.577537 0.074567
48400 0.487128 0.081619
48500 0.424431 0.092183
48600 0.476895 0.002634
48700 0.571525 -0.047175
48800 0.514129 0.037708
48900 0.659430 0.023465
49000 0.611272 0.141423
49100 0.711643 0.117610
49200 0.513457 0.176258
49300 0.477776 0.193126
49400 0.539853 0.127970
49500 0.456196 0.207907
49600 0.518022 0.187445
49700 0.625175 0.037656
49800 0.537623 0.090952
49900 0.500359 0.132894
50000 0.500357 0.117804
50100 0.392571 0.135223
50200 0.387364 0.283798
50300 0.428134 0.236215
50400 0.290962 0.086860
50500 0.420423 0.176932
50600 0.435553 0.085064
50700 0.452502 0.111588
50800 0.551858 0.181051
50900 0.490080 0.177346
51000 0.535670 0.156034
51100 0.481581 0.259724
51200 0.488427 0.214781
51300 0.523524 0.284006
51400 0.529391 0.212475
51500 0.428668 0.223576
51600 0.508413 0.127995
51700 0.479943 0.229433
51800 0.399977 0.147802
51900 0.441987 0.371734
52000 0.574762 0.229701
52100 0.442627 0.223509
52200 0.523007 0.218041
52300 0.412980 0.317782
52400 0.403543 0.184588
52500 0.289977 0.171830
52600 0.276397 0.151989
52700 0.238769 0.248232
52800 0.429385 0.251278
52900 0.394061 0.349190
53000 0.417103 0.307418
53100 0.612711 0.212111
53200 0.514162 0.326485
53300 0.435758 0.278590
53400 0.291158 0.106553
53500 0.530783 0.224217
53600 0.540412 0.242278
53700 0.447581 0.194937
53800 0.438766 0.269070
53900 0.400934 0.074371
54000 0.527235 0.096642
54100 0.304521 0.055332
54200 0.385274 0.151163
54300 0.381567 0.045120
54400 0.354425 0.125907
54500 0.517704 0.143368
54600 0.454340 0.199685
54700 0.495394 0.167826
54800 0.450148 0.275014
54900 0.583290 0.118336
55000 0.546496 0.233901
55100 0.655663 0.082688
55200 0.740088 0.020825
55300 0.627972 -0.010166
55400 0.618568 0.133664
55500 0.689019 0.148619
55600 0.698588 0.169201
55700 0.468220 0.245354
55800 0.580317 0.154171
55900 0.484730 0.115021
56000 0.518459 0.172866
56100 0.440692 0.258203
56200 0.361308 0.129563
56300 0.447236 0.293889
56400 0.361650 0.122138
56500 0.301159 0.199983
56600 0.312652 0.177785
56700 0.363050 0.282869
56800 0.464745 0.341011
56900 0.580139 0.250233
57000 0.532012 0.202026
57100 0.541908 0.215172
57200 0.529898 0.138504
57300 0.553620 0.174860
57400 0.490462 0.268755
57500 0.498152 0.174639
57600 0.536893 0.198760
57700 0.494246 0.182621
57800 0.482352 0.231555
57900 0.364823 0.317210
58000 0.386754 0.267095
58100 0.274102 0.298306
58200 0.277853 0.312174
58300 0.305381 0.239240
58400 0.308208 0.261474
58500 0.354604 0.251169
58600 0.414231 0.354135
58700 0.420501 0.190594
58800 0.374828 0.277036
58900 0.349618 0.242444
59000 0.291818 0.150053
59100 0.476761 0.154401
59200 0.465021 0.117750
59300 0.336452 0.148501
59400 0.367795 0.210044
59500 0.497229 0.219242
59600 0.468194 0.279826
59700 0.569589 0.050983
59800 0.592340 0.165450
59900 0.623186 0.213089
60000 0.432301 0.139876
60100 0.538117 0.043034
60200 0.416272 0.065542
60300 0.470358 0.003492
60400 0.701206 0.022698
60500 0.899371 0.147603
60600 0.679500 0.122439
60700 0.613535 0.171283
60800 0.592833 0.122942
60900 0.527037 0.013756
61000 0.799932 0.098651
61100 0.592271 0.130604
61200 0.591066 0.104165
61300 0.476331 0.090702
61400 0.410136 0.128613
61500 0.561065 0.110388
61600 0.380954 0.099189
61700 0.480211 0.105244
61800 0.618103 0.141722
61900 0.592424 0.088068
62000 0.506167 0.280286
62100 0.481185 0.240892
62200 0.666082 0.149439
62300 0.458154 0.172591
62400 0.426927 0.206678
62500 0.368534 0.205715
62600 0.345675 0.279247
62700 0.411822 0.204464
62800 0.323753 0.238538
62900 0.361395 0.168404
63000 0.478747 0.187617
63100 0.376733 0.246759
63200 0.361604 0.330658
63300 0.379706 0.176958
63400 0.434176 0.194892
63500 0.603537 0.189246
63600 0.423090 0.138732
63700 0.559989 0.247651
63800 0.496027 0.367868
63900 0.437105 0.404478
64000 0.276928 0.245813
64100 0.333658 0.133591
64200 0.434645 0.274150
64300 0.365192 0.214298
64400 0.379595 0.204994
64500 0.386475 0.232767
64600 0.246224 0.147276
64700 0.307494 0.297976
64800 0.503631 0.089637
64900 0.535708 0.156723
65000 0.380683 0.229279
65100 0.370022 0.292839
65200 0.407245 0.175803
65300 0.503766 0.315025
65400 0.520700 0.162801
65500 0.492051 0.125982
65600 0.575693 0.199947
65700 0.464501 0.165440
65800 0.497379 0.171412
65900 0.615273 0.171046
66000 0.575235 0.144372
66100 0.447662 0.370575
66200 0.650421 0.233431
66300 0.413542 0.195537
66400 0.414749 0.159201
66500 0.300184 0.254121
66600 0.361524 0.315705
66700 0.647574 0.145719
66800 0.468261 0.289818
66900 0.414823 0.263772
67000 0.470763 0.230122
67100 0.572253 0.185849
67200 0.497125 0.234457
67300 0.478954 0.212641
67400 0.448309 0.294781
67500 0.549583 0.139416
67600 0.391564 0.317181
67700 0.408833 0.251942
67800 0.498913 0.180725
67900 0.414362 0.136623
68000 0.296644 0.267111
68100 0.385186 0.172606
68200 0.418107 0.132612
68300 0.413335 0.236163
68400 0.441343 0.260604
68500 0.437828 0.230826
68600 0.285882 0.237432
68700 0.351749 0.297778
68800 0.377725 0.145368
68900 0.390875 0.116641
69000 0.515250 0.234724
69100 0.673341 0.084779
69200 0.490899 0.262489
69300 0.348005 0.356028
69400 0.384292 0.222676
69500 0.439052 0.099122
69600 0.553647 0.188963
69700 0.462695 0.171746
69800 0.544519 0.154175
69900 0.342446 0.132439
70000 0.372827 0.151706
70100 0.541095 0.219514
70200 0.450636 0.190710
70300 0.483815 0.106628
70400 0.602993 0.281373
70500 0.494599 0.148944
70600 0.720572 0.105491
70700 0.583437 0.215465
70800 0.557310 0.166085
70900 0.320153 0.234902
71000 0.322217 0.213547
71100 0.423426 0.187566
71200 0.442428 0.241369
71300 0.388842 0.149256
71400 0.402061 0.117128
71500 0.446288 0.131529
71600 0.396435 0.156480
71700 0.544864 0.325887
71800 0.457180 0.229177
71900 0.530566 0.176675
72000 0.450612 0.179317
72100 0.511923 0.110980
72200 0.391280 0.257199
72300 0.485290 0.211225
72400 0.530343 0.081833
72500 0.587792 0.015072
72600 0.536317 0.026628
72700 0.398425 0.138566
72800 0.616759 0.131962
72900 0.359743 0.122148
73000 0.491130 0.081264
73100 0.499957 0.295968
73200 0.432392 0.317218
73300 0.236689 0.200830
73400 0.382436 0.114311
73500 0.172653 0.092930
73600 0.445767 0.127420
73700 0.403726 0.161705
73800 0.583124 0.132170
73900 0.376674 0.171205
74000 0.324464 0.255436
74100 0.248468 0.227682
74200 0.282026 0.136372
74300 0.323311 0.184805
74400 0.462406 0.114028
74500 0.527969 0.100817
74600 0.623195 0.082529
74700 0.542639 0.073241
74800 0.490539 0.113620
74900 0.599070 0.115525
75000 0.440134 0.092051
75100 0.407030 0.084443
75200 0.670193 0.082081
75300 0.572734 0.168590
75400 0.689444 0.159393
75500 0.705744 0.076085
75600 0.568011 0.099846
75700 0.690197 0.097223
75800 0.632311 0.113371
75900 0.364313 0.126052
76000 0.374707 0.298294
76100 0.468120 0.158555
76200 0.329923 0.106327
76300 0.406881 0.171025
76400 0.408300 0.107738
76500 0.420466 0.191052
76600 0.566734 0.046294
76700 0.549286 0.153123
76800 0.471157 0.090345
76900 0.501282 0.044262
77000 0.515827 0.063376
77100 0.733468 0.031455
77200 0.765979 0.108361
77300 0.662627 0.133026
77400 0.639405 0.091750
77500 0.468199 0.125992
77600 0.553794 0.052361
77700 0.512852 0.142170
77800 0.531299 0.113595
77900 0.481586 0.054033
78000 0.567015 0.029890
78100 0.475460 0.102943
78200 0.508846 0.090408
78300 0.535655 0.039401
78400 0.482977 0.071548
78500 0.498341 0.044244
78600 0.623958 0.017050
78700 0.423048 0.115891
78800 0.508971 0.065354
78900 0.633125 0.020778
79000 0.710000 -0.052170
79100 0.610486 0.020328
79200 0.647111 0.004313
79300 0.657847 0.051078
79400 0.983303 0.153897
79500 1.040096 0.069304
79600 0.580247 0.079157
79700 0.563462 0.193263
79800 0.644074 0.143891
79900 0.525041 0.108128
80000 0.551315 0.104528
80100 0.310271 0.167091
80200 0.370578 0.067604
80300 0.473120 0.038283
80400 0.403814 0.081575
80500 0.396744 -0.003263
80600 0.483897 0.012531
80700 0.476015 0.118513
80800 0.715533 -0.011226
80900 0.525559 0.087640
81000 0.564671 0.031710
81100 0.740912 0.046106
81200 0.750288 0.067879
81300 1.013955 0.082051
81400 0.675377 0.004354
81500 0.753298 0.134695
81600 0.693135 0.058128
81700 0.617073 0.097370
81800 0.517127 0.020902
81900 0.613743 -0.069889
82000 0.519976 0.067221
82100 0.519804 0.034703
82200 0.559101 0.001409
82300 0.693598 0.020324
82400 0.493169 -0.020214
82500 0.440576 0.186595
82600 0.521421 0.086414
82700 0.446082 0.099585
82800 0.545662 0.129171
82900 0.593565 0.089565
83000 0.429629 0.013796
83100 0.616791 0.029343
83200 0.917601 0.037079
83300 0.641310 0.060949
83400 0.689381 0.070618
83500 0.487906 0.173674
83600 0.769684 0.109184
83700 0.831976 0.009462
83800 0.776606 0.101113
83900 0.516817 0.041154
84000 0.517003 0.116699
84100 0.548371 0.011454
84200 0.364108 0.087870
84300 0.478435 -0.002299
84400 0.638930 0.108380
84500 0.615625 -0.007553
84600 0.663898 -0.020319
84700 0.461605 0.142719
84800 0.590159 0.187476
84900 0.399556 0.060277
85000 0.407152 0.077157
85100 0.363833 0.119518
85200 0.455318 0.159149
85300 0.651291 0.104946
85400 0.697268 0.169331
85500 0.713774 0.147108
85600 0.792671 0.039096
85700 0.722359 0.026574
85800 0.817393 -0.000988
85900 0.758510 0.023228
86000 0.673478 -0.024937
86100 0.689753 0.017297
86200 0.485141 -0.047748
86300 0.743452 0.120291
86400 0.637559 0.191736
86500 0.449161 0.065240
86600 0.561867 0.055757
86700 0.549769 0.107158
86800 0.473707 0.082574
86900 0.477104 0.133730
87000 0.453733 0.106695
87100 0.722282 0.080251
87200 0.513609 -0.021408
87300 0.380324 0.061847
87400 0.513012 0.046074
87500 0.730425 0.056707
87600 0.506139 0.055138
87700 0.415793 0.073591
87800 0.398196 0.043525
87900 0.392636 0.085578
88000 0.463780 0.107584
88100 0.538398 0.091178
88200 0.459826 0.069611
88300 0.662669 0.076385
88400 0.547671 0.064875
88500 0.676910 0.098535
88600 0.391741 0.079555
88700 0.738598 -0.075782
88800 0.662562 0.001185
88900 0.639530 0.037226
89000 0.753829 0.136031
89100 0.733437 0.066846
89200 0.589204 0.133148
89300 0.783122 0.132847
89400 0.682533 0.053913
89500 0.585315 0.206330
89600 0.390731 0.097498
89700 0.533493 0.192562
89800 0.572147 0.069419
89900 0.537357 0.158859
90000 0.415442 0.165055
90100 0.418862 0.178280
90200 0.397345 0.155281
90300 0.305981 0.085277
90400 0.618271 0.069939
90500 0.595845 0.075963
90600 0.543323 0.145588
90700 0.458015 0.218556
90800 0.566890 0.168130
90900 0.374561 -0.007192
